<<<<<<< HEAD
000000000000000000000000
010121212121212121212120
012121212121212121212120
012121212121212121212120
012121212121212121212120
012121212121212121212120
012121212121212121212120
011111111111111111111110
012121212121212121212120
012121212121212121212120
012121212121212121212120
012121212121212121212120
012121212121212121212120
012121212121212121212120
012121212121212121212120
=======
000000000000000000000000
012121212121212121212120
012121212121212121212120
012121212121212121212120
012121212121212121212120
012121212121212121212120
012121212121212121212120
011111111111111111111110
012121212121212121212120
012121212121212121212120
012121212121212121212120
012121212121212121212120
012121212121212121212120
012121212121212121212120
012121212121212121212120
>>>>>>> ca59877ae64840d8654510e2c3f7801210a22a17
000000000000000000000000